세탁실창고|0.078849|0.188415|0.000000|0.000
목공실 목 공 실|0.079409|0.183767|0.000000|0.000
쓰레기처리장|0.059814|0.170252|0.000000|0.000
적출물 보관실|0.055951|0.161236|0.000000|0.000
가바나|0.042624|0.159469|0.000000|0.000
의료가스 창고 의료 가스 창고|0.044294|0.156493|0.000000|0.000
의료가스 기계|0.048534|0.152286|0.000000|0.000
화장실|0.096523|0.152379|0.000000|0.000
화장실|0.096567|0.148781|0.000000|0.000
기계실 사무실|0.089809|0.150392|0.000000|0.000
기 계 실|0.089907|0.143494|0.000000|0.000
수 처리장|0.082860|0.116905|0.000000|0.000
장비반입구|0.111504|0.087929|0.000000|0.000
배풍실|0.123341|0.059154|0.000000|0.000
배기|0.126607|0.061806|0.000000|0.000
창고|0.122174|0.077779|0.000000|0.000
장애인경사로|0.095009|0.096294|0.000000|0.000
감염 출입구|0.085339|0.124167|0.000000|0.000
공조실|0.144047|0.059376|0.000000|0.000
방풍실|0.146938|0.096903|0.000000|0.000
교육수련부|0.156893|0.107153|0.000000|0.000
주차장|0.132173|0.074235|0.000000|0.000
응급전용주차장|0.124328|0.092122|0.000000|0.000
(급기)|0.112364|0.094668|0.000000|0.000
(급기)|0.106855|0.095118|0.000000|0.000
계단실-4|0.158017|0.075225|0.000000|0.000
전실|0.158382|0.077213|0.000000|0.000
상부오픈|0.110024|0.081804|0.000000|0.000
(배기)|0.118051|0.064193|0.000000|0.000
중증응급진료구역|0.114584|0.128715|0.000000|0.000
(16병상)|0.115719|0.128115|0.000000|0.000
방풍실-2|0.134531|0.109095|0.000000|0.000
소아응급실|0.140205|0.130254|0.000000|0.000
당직실-3|0.140484|0.151629|0.000000|0.000
별도 공조 (발열환자)|0.107607|0.110954|0.000000|0.000
응급진료구역 (16병상)|0.115601|0.111029|0.000000|0.000
소생실-1|0.120615|0.120778|0.000000|0.000
준비실|0.112109|0.122110|0.000000|0.000
화장실(남)|0.143053|0.122409|0.000000|0.000
보호자대기실|0.139926|0.112391|0.000000|0.000
진료실-1|0.138659|0.121879|0.000000|0.000
경환자 진료실|0.139858|0.125479|0.000000|0.000
접수/수납|0.138616|0.119291|0.000000|0.000
장비창고|0.104051|0.110800|0.000000|0.000
방풍실-1|0.128210|0.109095|0.000000|0.000
처치실-1|0.131878|0.120822|0.000000|0.000
소생실-2|0.125324|0.120778|0.000000|0.000
수간호사실|0.143266|0.151629|0.000000|0.000
간호사 탈의실(남)|0.143542|0.146091|0.000000|0.000
화장실(여)|0.143053|0.118962|0.000000|0.000
직원휴게실|0.133154|0.144816|0.000000|0.000
진료실-2|0.131878|0.125405|0.000000|0.000
창고|0.132406|0.149071|0.000000|0.000
1인실-2|0.131944|0.128472|0.000000|0.000
1인실-1|0.131757|0.131520|0.000000|0.000
창고|0.151591|0.127831|0.000000|0.000
방풍실-3|0.088537|0.128751|0.000000|0.000
조정실|0.141050|0.142845|0.000000|0.000
직원 화장실(여)|0.140756|0.146091|0.000000|0.000
직원 화장실(남)|0.137833|0.146091|0.000000|0.000
간호사실|0.127288|0.144691|0.000000|0.000
일반촬영실|0.142610|0.138501|0.000000|0.000
1인실-3|0.126050|0.138479|0.000000|0.000
1인실-4|0.129250|0.138479|0.000000|0.000
상담실|0.131760|0.109095|0.000000|0.000
회의실|0.151643|0.120315|0.000000|0.000
응급의료지원실|0.150400|0.113679|0.000000|0.000
집수정|0.113735|0.063970|0.000000|0.000
탈의실(여)|0.097134|0.185351|0.000000|0.000
창고|0.086293|0.178041|0.000000|0.000
탈의실 (남)|0.095813|0.179615|0.000000|0.000
창고-2|0.096183|0.171221|0.000000|0.000
사무실|0.086475|0.162656|0.000000|0.000
유해물질 작업실|0.090235|0.166886|0.000000|0.000
연고제 작업실|0.090622|0.164200|0.000000|0.000
세척실|0.090622|0.160336|0.000000|0.000
창고-3|0.090574|0.156946|0.000000|0.000
모니터링실|0.094654|0.164063|0.000000|0.000
주사 준비실|0.093010|0.171938|0.000000|0.000
사무실-2|0.095584|0.175302|0.000000|0.000
주사 조제실-1|0.090292|0.175819|0.000000|0.000
주사 조제실-2|0.090273|0.170191|0.000000|0.000
전실|0.090594|0.172671|0.000000|0.000
랩가운 보관실|0.119689|0.181081|0.000000|0.000
중계반실|0.105989|0.156905|0.000000|0.000
마약실|0.102597|0.157586|0.000000|0.000
입고창고|0.110939|0.191945|0.000000|0.000
보관창고|0.104207|0.186079|0.000000|0.000
수선실|0.117735|0.188379|0.000000|0.000
물품포장실|0.114788|0.181081|0.000000|0.000
분류실|0.110143|0.184613|0.000000|0.000
탈의실(남)|0.109955|0.178629|0.000000|0.000
중앙창고|0.124144|0.201729|0.000000|0.000
사무실|0.109547|0.202979|0.000000|0.000
창고|0.109911|0.207980|0.000000|0.000
MDF실|0.110513|0.169500|0.000000|0.000
RACK실|0.074358|0.172266|0.000000|0.000
사무실|0.103130|0.175059|0.000000|0.000
창고-1|0.103082|0.170770|0.000000|0.000
격리병실-1|0.089832|0.124539|0.000000|0.000
전실-1|0.092105|0.127599|0.000000|0.000
전실-2|0.094274|0.123080|0.000000|0.000
진료실|0.096153|0.130827|0.000000|0.000
격리병실-2|0.095176|0.120378|0.000000|0.000
오물 처리실|0.105605|0.121064|0.000000|0.000
일반 격리실-1|0.100084|0.115904|0.000000|0.000
세척실|0.103692|0.122483|0.000000|0.000
오염 린넨실|0.105693|0.123137|0.000000|0.000
화장실(남)|0.101081|0.122506|0.000000|0.000
화장실(여)|0.097359|0.118229|0.000000|0.000
창고-1|0.099092|0.125486|0.000000|0.000
일반 격리실-2|0.102287|0.113659|0.000000|0.000
화장실|0.092676|0.121493|0.000000|0.000
화장실|0.093661|0.125844|0.000000|0.000
음압|0.090714|0.125139|0.000000|0.000
음압|0.096058|0.120978|0.000000|0.000
1인실-5|0.132475|0.138479|0.000000|0.000
구급차 출입구|0.126764|0.104432|0.000000|0.000
보행자 출입구|0.134120|0.104432|0.000000|0.000
신품창고|0.103932|0.180146|0.000000|0.000
탈의실(여)|0.112798|0.189170|0.000000|0.000
기독교 사무실|0.126265|0.173825|0.000000|0.000
법당|0.128696|0.181382|0.000000|0.000
천주교 사무실|0.126242|0.188356|0.000000|0.000
PACS실|0.126199|0.166940|0.000000|0.000
기도실|0.129250|0.170583|0.000000|0.000
천주교 경당|0.126719|0.185395|0.000000|0.000
기독교 기도실|0.125891|0.177088|0.000000|0.000
불교 사무실|0.125566|0.181355|0.000000|0.000
책장|0.125306|0.157994|0.000000|0.000
사회사업팀|0.127514|0.159082|0.000000|0.000
창고-3|0.131449|0.160804|0.000000|0.000
상담실-1|0.125459|0.163951|0.000000|0.000
상담실-2|0.128609|0.163951|0.000000|0.000
책장|0.132861|0.157994|0.000000|0.000
책장|0.132861|0.156394|0.000000|0.000
책장|0.125306|0.156394|0.000000|0.000
책장|0.125256|0.161425|0.000000|0.000
진입금지|0.131072|0.063160|0.000000|90.000
진입금지|0.047104|0.165674|0.000000|224.577
일방통행|0.068747|0.139329|0.000000|45.892
일방통행|0.090637|0.117329|0.000000|45.892
진입금지|0.129991|0.102303|0.000000|270.000
출 구|0.125425|0.093180|-0.000000|0.000
출 구|0.137824|0.065098|0.000000|270.000
진입금지|0.134439|0.071851|0.000000|180.000
일방통행|0.121388|0.099127|0.000000|90.000
일방통행|0.139276|0.089388|0.000000|0.000
일방통행|0.130180|0.083683|0.000000|270.000
전 용 확장형|0.122449|0.085974|0.000000|90.000
응 급|0.120913|0.085836|0.000000|90.000
회 차 공 간|0.131820|0.090818|0.000000|270.000
공 간|0.130809|0.090998|0.000000|270.000
전 용 확장형|0.122449|0.088574|0.000000|90.000
응 급|0.120913|0.088436|0.000000|90.000
전 용 확장형|0.122449|0.095568|0.000000|90.000
응 급|0.120913|0.095425|0.000000|90.000
전 용 확장형|0.122449|0.092968|0.000000|90.000
응 급|0.120913|0.092825|0.000000|90.000
전 용 확장형|0.129838|0.088269|0.000000|270.000
응 급|0.131374|0.088402|0.000000|270.000
전 용 확장형|0.129838|0.094668|0.000000|270.000
응 급|0.131374|0.094801|0.000000|270.000
전 용 확장형|0.129838|0.097268|0.000000|270.000
응 급|0.131374|0.097401|0.000000|270.000
응급차|0.127616|0.088086|0.000000|180.000
전 용|0.127612|0.090039|0.000000|180.000
승차 지역|0.167801|0.066240|0.000000|0.000
청결물실|0.115846|0.122110|0.000000|0.000
직원식당|0.155770|0.084859|0.000000|0.000
세척구역|0.146820|0.088275|0.000000|0.000
하차 지역|0.129740|0.102988|0.000000|0.000
샤워실|0.113316|0.187531|0.000000|0.000
교육실|0.094935|0.158179|0.000000|0.000
당직실-1|0.132409|0.151629|0.000000|0.000
당직실-2|0.135884|0.151629|0.000000|0.000
냉장창고|0.091515|0.179259|0.000000|0.000
ATC 보조 작업대|0.109827|0.161328|0.000000|0.000
서버실|0.129585|0.166940|0.000000|0.000
창고-1 보관장|0.119865|0.178294|0.000000|0.000
산제조제실|0.118733|0.175059|0.000000|0.000
불출실|0.120492|0.161241|0.000000|0.000
환자분류소|0.129254|0.112679|0.000000|0.000
계단실|0.076745|0.170451|0.000000|0.000
방풍실|0.105210|0.196385|0.000000|0.000
(승객용)|0.150040|0.076103|0.000000|0.000
(승객용)|0.150040|0.072504|0.000000|0.000
숙직실|0.169835|0.203068|0.000000|0.000
중앙감시실 (전 기)|0.163298|0.203099|0.000000|0.000
중앙감시실 (기 계)|0.166447|0.195632|0.000000|0.000
상부 OPEN|0.182386|0.163982|0.000000|0.000
운 송 기계실|0.142198|0.157860|0.000000|0.000
조리원 탈의실|0.158394|0.138699|0.000000|0.000
보호요원실|0.151139|0.140486|0.000000|0.000
도 장 실|0.079700|0.179409|0.000000|0.000
화장실|0.103230|0.150585|0.000000|0.000
기계실 사무실|0.090947|0.150666|0.000000|0.000
화장실|0.097990|0.146485|0.000000|0.000
주차장|0.091294|0.109416|0.000000|0.000
철 공 실|0.076657|0.174977|0.000000|0.000
연 도|0.139248|0.209617|0.000000|0.000
(18인)|0.129389|0.150835|0.000000|0.000
냉동가스창고|0.164028|0.150246|0.000000|0.000
영양과 창고|0.160777|0.150330|0.000000|0.000
1.5평|0.161702|0.149927|0.000000|0.000
2평|0.167933|0.150280|0.000000|0.000
상부 OPEN|0.132297|0.164186|0.000000|0.000
주사약국|0.126031|0.140290|0.000000|0.000
(부) 경유|0.055606|0.152036|0.000000|0.000
하역|0.060864|0.167267|0.000000|0.000
위험물저장창고|0.040666|0.161608|0.000000|0.000
액산탱크|0.035398|0.179941|-0.000001|0.000
계단실|0.129663|0.207735|0.000000|0.000
쓰레기처리장|0.058731|0.170805|0.000000|0.000
화장실(남)|0.157669|0.143334|0.000000|0.000
화장실(여)|0.153620|0.143334|0.000000|0.000
후문 출입구|0.026216|0.153236|-0.063735|39.463
창고|0.054765|0.169132|0.000000|0.000
(부) 경유|0.054347|0.148012|0.000000|0.000
유해물질창고|0.079441|0.176803|0.000000|0.000
간호학생탈의실(여)|0.156327|0.159039|0.000000|0.000
상부OPNG|0.201411|0.055344|0.000000|0.000
상부OPNG|0.219886|0.055344|0.000000|0.000
집수정|0.264351|0.101704|0.000000|0.000
한전인입|0.179353|0.055329|0.000000|0.000
일방향 문|0.225166|0.070732|0.000000|0.000
일방향 문|0.222638|0.070732|0.000000|0.000
영구배수집수정|0.258910|0.101383|0.000000|0.000
배기용 OPNG|0.236863|0.100528|0.000000|0.000
(승객용/장애인겸용)|0.162115|0.106394|0.000000|0.000
(승객용/장애인겸용)|0.162115|0.109194|0.000000|0.000
(승객용/장애인겸용)|0.168709|0.106494|0.000000|0.000
(비상용/장애인겸용)|0.219174|0.073969|0.000000|0.000
(비상용/장애인겸용)|0.219174|0.076519|0.000000|0.000
(비상용/장애인겸용)|0.219174|0.110344|0.000000|0.000
(병원용/장애인겸용)|0.222562|0.104232|0.000000|0.000
(병원용/장애인겸용)|0.219737|0.104232|0.000000|0.000
(병원용/장애인겸용)|0.216987|0.104232|0.000000|0.000
배기용 OPNG|0.258503|0.100444|0.000000|0.000
급기용 OPNG|0.262618|0.100444|0.000000|0.000
냉장실|0.214104|0.090621|0.000000|0.000
냉장실|0.214104|0.088616|0.000000|0.000
냉장실|0.214104|0.086182|0.000000|0.000
배기용OPNG|0.254164|0.060161|0.000000|0.000
의료가스 루버|0.246960|0.063295|0.000000|0.000
출 구|0.242135|0.065476|0.000000|270.000
출 구|0.233234|0.075316|0.000000|180.000
출 구|0.241986|0.095083|0.000000|90.000
지하2층|0.235505|0.081623|-0.000000|0.000
주차장|0.255927|0.066331|-0.000000|90.000
직진금지|0.247979|0.066123|0.000000|90.000
정 지|0.229056|0.065598|0.000000|270.000
출 구|0.220487|0.065476|0.000000|270.000
출 구|0.181788|0.065314|0.000000|270.000
창고|0.140098|0.160852|-0.000000|0.000
이동식|0.107632|0.208415|0.000000|0.000
응 급 차 량|0.063753|0.179928|-0.000001|0.000
건축자재창고|0.134839|0.158631|0.000000|0.000
간호학생탈의실(여)|0.161565|0.160014|0.000000|0.000
고객지원팀(22.3평)|0.195861|0.110349|0.000000|0.000
안전관리자실(5.3평)|0.184872|0.109126|0.000000|0.000
모유수유실(2.4평)|0.189666|0.111709|0.000000|0.000
입고전실|0.092052|0.184943|0.000000|0.000
생물의약품 보관소|0.089163|0.185516|0.000000|0.000
출고전실|0.085416|0.166681|0.000000|0.000
불량의약품 보관소|0.081499|0.164585|0.000000|0.000
복합형 소독보관고 (앞치마.고무장갑.행주)|0.147513|0.084137|0.000000|180.000
40.30 (현황 EL.)|0.066924|0.144270|0.000000|0.000
DA면적 확보됨 (18m2)|0.114133|0.066482|0.000000|0.000
계단실1 전실|0.169747|0.104325|0.000000|0.000
계단실1|0.172790|0.103871|0.000000|0.000
화장실(여)-2|0.177131|0.106899|0.000000|0.000
화장실(남)-2|0.181776|0.106910|0.000000|0.000
장애인화장실|0.181853|0.104095|0.000000|0.000
고객서비스팀 및 안전관리자실|0.191004|0.109500|0.000000|0.000
퀴즈노스(샌드위치)|0.209099|0.111011|0.000000|0.000
계단실2|0.222241|0.108681|0.000000|0.000
계단실2 전실|0.223958|0.108040|0.000000|0.000
ELEV.전실1|0.223190|0.111657|0.000000|0.000
대외협력팀|0.230950|0.106241|0.000000|0.000
배풍실|0.237756|0.099085|0.000000|0.000
공조실-1|0.260441|0.088458|0.000000|0.000
경사로|0.295479|0.067932|0.000000|0.000
주차장|0.230191|0.066013|0.000000|0.000
공조실-2|0.203481|0.058496|0.000000|0.000
창고-6|0.171051|0.059506|0.000000|0.000
창고-5|0.164038|0.059284|0.000000|0.000
직원식당|0.167065|0.080978|0.000000|0.000
배식실|0.173209|0.075875|0.000000|0.000
전실-1|0.172854|0.070618|0.000000|0.000
검수실-2|0.181078|0.070777|0.000000|0.000
전처리실-2|0.179510|0.075053|0.000000|0.000
전실-2|0.175218|0.079364|0.000000|0.000
냉장실|0.177648|0.080191|0.000000|0.000
창고-3|0.181565|0.080037|0.000000|0.000
조리실-2|0.178770|0.088784|0.000000|0.000
사무실-2|0.176136|0.093877|0.000000|0.000
창고-4|0.180552|0.093753|0.000000|0.000
팀장실|0.184152|0.093779|0.000000|0.000
상담실|0.188302|0.093410|0.000000|0.000
사무실-1|0.186046|0.087737|0.000000|0.000
회의실|0.186830|0.083282|0.000000|0.000
탕비실|0.183127|0.082893|0.000000|0.000
직원위생구역|0.187465|0.080151|0.000000|0.000
화장실(남)-1|0.184361|0.081029|0.000000|0.000
휴게실(남)|0.184514|0.079535|0.000000|0.000
화장실(여)-1|0.186337|0.075506|0.000000|0.000
휴게실(여)|0.186626|0.073091|0.000000|0.000
샤워실(여)|0.189010|0.076045|0.000000|0.000
치료식|0.193502|0.073921|0.000000|0.000
조리실-1|0.199961|0.086612|0.000000|0.000
창고-2|0.192918|0.093427|0.000000|0.000
포트세척실|0.196207|0.093427|0.000000|0.000
특별식|0.199032|0.093427|0.000000|0.000
경관식|0.201882|0.093427|0.000000|0.000
볶음/국 조리실|0.205461|0.090205|0.000000|0.000
취반구역|0.210224|0.090205|0.000000|0.000
전처리실-1|0.219975|0.089814|0.000000|0.000
방풍실|0.222979|0.096519|0.000000|0.000
잔반냉장실|0.223065|0.091784|0.000000|0.000
하역장|0.226711|0.094422|0.000000|0.000
검수실|0.226209|0.088431|0.000000|0.000
배식차대기실|0.219719|0.082414|0.000000|0.000
ELEV.전실2|0.223225|0.076504|0.000000|0.000
계단실3|0.222287|0.071897|0.000000|0.000
계단실3 전실|0.223998|0.071814|0.000000|0.000
배선실|0.208315|0.081855|0.000000|0.000
세척실-2|0.207263|0.073100|0.000000|0.000
세제창고|0.202441|0.076835|0.000000|0.000
세척실-1|0.199605|0.073100|0.000000|0.000
창고|0.252363|0.097679|0.000000|0.000
창고-7|0.214403|0.070512|0.000000|0.000
의료가스실-2|0.252799|0.058566|0.000000|0.000
의료가스실-1|0.247737|0.057807|0.000000|0.000
세척구역-1|0.167065|0.090806|0.000000|0.000
청소도구실|0.226041|0.113618|0.000000|0.000
창고-1|0.214238|0.094171|0.000000|0.000
전실-1|0.214238|0.092167|0.000000|0.000
샤브보트(채선당)|0.230877|0.101172|0.000000|0.000
창고-8|0.226417|0.073703|0.000000|0.000
콜센터|0.230873|0.109274|0.000000|0.000
확장형|0.129641|0.073279|0.000000|90.000
확장형|0.136046|0.076624|0.000000|270.000
확장형|0.136046|0.074024|0.000000|270.000
회 차 공 간|0.127346|0.068372|0.000000|90.000
확장형|0.129641|0.075879|0.000000|90.000
마약장|0.104243|0.159609|0.000000|0.000
슬라이딩장|0.101893|0.172809|0.000000|0.000
슬라이딩장 보관장|0.105568|0.170649|0.000000|180.000
보관장|0.105593|0.172649|0.000000|180.000
슬라이딩장|0.101893|0.171309|0.000000|0.000
주사약 선반|0.106900|0.158129|0.000000|90.000
주사약 선반|0.106900|0.160529|0.000000|90.000
PC 작업대 PTP 장|0.111786|0.166274|0.000000|180.000
PTP 장|0.109948|0.169179|0.000000|270.000
경구PTP 수납장|0.112778|0.168759|0.000000|90.000
작업대|0.107193|0.170529|0.000000|90.000
보관장|0.120943|0.177559|0.000000|0.000
감사업무 작업대(병동)|0.115093|0.166859|0.000000|0.000
회전 투약대|0.112043|0.162199|0.000000|0.000
PC 작업대|0.115623|0.160929|0.000000|270.000
PC 작업대|0.115623|0.159929|0.000000|270.000
감사업무 작업대(병동)|0.115093|0.164459|0.000000|0.000
감사업무 작업대(병동)|0.115093|0.163259|0.000000|0.000
PC 작업대|0.118843|0.169899|0.000000|180.000
ATC 보조 작업대|0.112143|0.164659|0.000000|0.000
ATC 보조 작업대|0.111143|0.164359|0.000000|0.000
회전 투약대|0.113043|0.162199|0.000000|0.000
ATC 보조 작업대|0.111743|0.160499|0.000000|180.000
ATC 보조 작업대|0.112743|0.160499|0.000000|180.000
보관장|0.118143|0.177559|0.000000|0.000
보관장|0.116143|0.177559|0.000000|0.000
보관장|0.114543|0.177559|0.000000|0.000
보관장|0.112943|0.177559|0.000000|0.000
보관장|0.111343|0.177559|0.000000|0.000
보관장|0.109743|0.177559|0.000000|0.000
보관장|0.108143|0.177559|0.000000|0.000
보관장|0.113293|0.172349|0.000000|180.000
약품분쇄작업대|0.120593|0.172859|0.000000|0.000
산제포장기|0.121973|0.176129|0.000000|270.000
산제포장기|0.121973|0.174629|0.000000|270.000
PC 작업대|0.120036|0.164099|0.000000|270.000
산제포장기|0.121973|0.177629|0.000000|270.000
산제조제대|0.118213|0.174509|0.000000|90.000
PC 작업대|0.121873|0.157449|0.000000|270.000
ATC 보조 작업대|0.120913|0.167829|0.000000|90.000
ATC 보조 작업대|0.120913|0.166829|0.000000|90.000
PC 작업대|0.121973|0.170179|0.000000|270.000
작업대|0.117613|0.176729|0.000000|270.000
작업대|0.117613|0.175429|0.000000|270.000
PC 작업대|0.121973|0.171179|0.000000|270.000
PC 작업대|0.121973|0.172179|0.000000|270.000
PC 작업대|0.121973|0.169179|0.000000|270.000
PC 작업대|0.121973|0.168179|0.000000|270.000
마약장|0.119943|0.172109|0.000000|0.000
마약장|0.118443|0.172109|0.000000|0.000
감사업무 작업대(병동)|0.117943|0.169059|0.000000|0.000
소독실|0.199412|0.076485|0.000000|0.000
잔반냉장실|0.223144|0.094152|0.000000|0.000
검수냉장실|0.226177|0.086298|0.000000|0.000
잔반냉장실|0.175461|0.071050|0.000000|0.000
